5782 12
5797 22
5798 113
5806 122
5814 11
5843 113
5913 113
5918 11
5931 11
5963 11
5983 12
5993 11
5995 12
5997 11
6001 12
6015 13
6019 12
6022 12
6023 12
6038 12
6043 11
6052 12
6057 112
6067 11
6106 12
6109 122
6112 11
6118 113
6122 12
6126 112
6129 11
6140 12
6143 12
6158 12
6164 113
6172 11
6181 12
6195 12
6212 113
6229 11
6242 12
6257 12
6258 113
6270 11
6276 123
6283 12
6288 12
6303 11
6307 11
6308 113
6310 113
6329 12
6332 12
6341 12
6342 12
6345 12
6353 11
6355 12
6361 12
6365 12
6366 12
6377 12
6393 11
6466 12
6472 12
6473 12
6482 113
6485 12
6498 113
6501 113
6539 113
6551 ?
6565 12
6570 12
6577 12
6588 12
6596 12
6620 11
6677 12
6678 113
6714 122
6726 11
6729 11
6765 113
6767 113
6776 ?
6782 12
6794 112
6821 12
6835 12
6863 113
6872 12
6886 12
6907 122
7004 ?
7018 12
7026 12
7034 ?
7063 ?
7065 11
7068 11
7083 113
7084 ?
7091 12
7092 12
7129 12
7139 ?
7150 113
7151 ?
7167 113
7171 113
7174 12
7181 ?
7211 11
7223 11
7273 ?
7281 ?
